HOYAS_GRANDES_I/SC_User_Interface/OpComm: 1,1,1,1,1,1,1,1,1 : 0.000000000000000 : 0.000000000000000, 0.000000000000000, 0.000000000000000, 0.000000000000000, 0.000000000000000, 0.000000000000000, 0.000000000000000, 0.000000000000000, 0.000000000000000 : 1 : 0 : [0,0,0,0,0,0,0,0,0]
HOYAS_GRANDES_I/SM_Computation/OpComm1: 1,1 : 0.000050000000000 : 0.000050000000000, 0.000050000000000 : 1 : 0 : [0,1]
SampleTime=0.000050000000000
